- Vertical
Ratio (X axis)
0.01	0.02	0.04	0.06	0.08	0.10	0.12	0.14	0.16	0.18	0.20	0.22	0.24	0.26	0.28	0.30	0.32	0.35
Saw a Rectangle
0	0	0	2	4	4	8	9	9	13	14	15	15	14	15	15	15	15
Saw a Rectangle in Percentage (Y axis)
0	0	0	13	27	27	53	60	60	87	93	100	100	93	100	100	100	100

- Horizontal
Ratio (X axis)
0.01	0.02	0.04	0.06	0.08	0.10	0.12	0.14	0.16	0.18	0.20	0.22	0.24	0.26	0.28	0.30	0.32	0.35
Saw a Rectangle
0	0	0	2	3	6	8	9	12	13	15	15	15	15	15	15	15	15
Saw a Rectangle in Percentage (Y axis)
0	0	0	13	20	40	53	60	80	87	100	100	100	100	100	100	100	100

- Summed
0.01	0.02	0.04	0.06	0.08	0.10	0.12	0.14	0.16	0.18	0.20	0.22	0.24	0.26	0.28	0.30	0.32	0.35
Saw a Rectangle
0	0	0	4	7	10	16	18	21	26	29	30	30	29	30	30	30	30
Saw a Rectangle in Percentage (Y axis)
0	0	0	13	23	33	53	60	70	87	97	100	100	97	100	100	100	100